 --- Expanded Rover Scenario ---
title: Force and Kinematic Analysis of Rover Motion on Varied Terrains
rover:
  mass: 20
gravity: 9.8
friction_coefficients:
  sand:
    static: 0.3
    kinetic: 0.24
  rock:
    static: 0.5
    kinetic: 0.4
  asphalt:
    static: 0.8
    kinetic: 0.7
terrains:
  material: sand
  type:
    flat:
      static_frictional_force: 58.8
      kinetic_friction_force: 47.04
      min_force_required_to_motion: 58.8
      min_force_required_to_maintain_motion: 47.04
      acceleration: 2.94
      time: [0 0.1 0.2 0.3 0.4 0.5 0.6 0.7 0.8 0.9 1 1.1 1.2 1.3 1.4 1.5 1.6 1.7 1.8 1.9 2 2.1 2.2 2.3 2.4 2.5 2.6 2.7 2.8 2.9 3 3.1 3.2 3.3 3.4 3.5 3.6 3.7 3.8 3.9 4 4.1 4.2 4.3 4.4 4.5 4.6 4.7 4.8 4.9 5 5.1 5.2 5.3 5.4 5.5 5.6 5.7 5.8 5.9 6 6.1 6.2 6.3 6.4 6.5 6.6 6.7 6.8 6.9 7 7.1 7.2 7.3 7.4 7.5 7.6 7.7 7.8 7.9 8 8.1 8.2 8.3 8.4 8.5 8.6 8.7 8.8 8.9 9 9.1 9.2 9.3 9.4 9.5 9.6 9.7 9.8 9.9 10]
      velocity: [0 0.294 0.588 0.882 1.176 1.47 1.764 2.058 2.352 2.646 2.94 3.234 3.528 3.822 4.116 4.41 4.704 4.998 5.292 5.586 5.88 6.174 6.468 6.762 7.056 7.35 7.644 7.938 8.232 8.526 8.82 9.114 9.408 9.702 9.996 10.29 10.584 10.878 11.172 11.466 11.76 12.054 12.348 12.642 12.936 13.23 13.524 13.818 14.112 14.406 14.7 14.994 15.288 15.582 15.876 16.17 16.464 16.758 17.052 17.346 17.64 17.934 18.228 18.522 18.816 19.11 19.404 19.698 19.992 20.286 20.58 20.874 21.168 21.462 21.756 22.05 22.344 22.638 22.932 23.226 23.52 23.814 24.108 24.402 24.696 24.99 25.284 25.578 25.872 26.166 26.46 26.754 27.048 27.342 27.636 27.93 28.224 28.518 28.812 29.106 29.4]
      displacement: [0 0.0147 0.0588 0.1323 0.2352 0.3675 0.5292 0.7203 0.9408 1.1907 1.47 1.7787 2.1168 2.4843 2.8812 3.3075 3.7632 4.2483 4.7628 5.3067 5.88 6.4827 7.1148 7.7763 8.4672 9.1875 9.9372 10.7163 11.5248 12.3627 13.23 14.1267 15.0528 16.0083 16.9932 18.0075 19.0512 20.1243 21.2268 22.3587 23.52 24.7107 25.9308 27.1803 28.4592 29.7675 31.1052 32.4723 33.8688 35.2947 36.75 38.2347 39.7488 41.2923 42.8652 44.4675 46.0992 47.7603 49.4508 51.1707 52.92 54.6987 56.5068 58.3443 60.2112 62.1075 64.0332 65.9883 67.9728 69.9867 72.03 74.1027 76.2048 78.3363 80.4972 82.6875 84.9072 87.1563 89.4348 91.7427 94.08 96.4467 98.8428 101.2683 103.7232 106.2075 108.7212 111.2643 113.8368 116.4387 119.07 121.7307 124.4208 127.1403 129.8892 132.6675 135.4752 138.3123 141.1788 144.0747 147]
    inclined:
      angle_of_inclination: 30
      weight_comp_y: 169.74097914175
      weight_comp_x: 98
      normal_force: 169.74097914175
      static_frictional_force: 50.922293742525
      kinetic_friction_force: 40.73783499402
      min_force_required_to_motion: 148.922293742525
      min_force_required_to_maintain_motion: 138.73783499402
      acceleration: 7.44611468712625
      time: [0 0.1 0.2 0.3 0.4 0.5 0.6 0.7 0.8 0.9 1 1.1 1.2 1.3 1.4 1.5 1.6 1.7 1.8 1.9 2 2.1 2.2 2.3 2.4 2.5 2.6 2.7 2.8 2.9 3 3.1 3.2 3.3 3.4 3.5 3.6 3.7 3.8 3.9 4 4.1 4.2 4.3 4.4 4.5 4.6 4.7 4.8 4.9 5 5.1 5.2 5.3 5.4 5.5 5.6 5.7 5.8 5.9 6 6.1 6.2 6.3 6.4 6.5 6.6 6.7 6.8 6.9 7 7.1 7.2 7.3 7.4 7.5 7.6 7.7 7.8 7.9 8 8.1 8.2 8.3 8.4 8.5 8.6 8.7 8.8 8.9 9 9.1 9.2 9.3 9.4 9.5 9.6 9.7 9.8 9.9 10]
      velocity: [0 0.744611468712625 1.48922293742525 2.23383440613788 2.9784458748505 3.72305734356312 4.46766881227575 5.21228028098837 5.956891749701 6.70150321841362 7.44611468712625 8.19072615583887 8.9353376245515 9.67994909326412 10.4245605619767 11.1691720306894 11.913783499402 12.6583949681146 13.4030064368272 14.1476179055399 14.8922293742525 15.6368408429651 16.3814523116777 17.1260637803904 17.870675249103 18.6152867178156 19.3598981865282 20.1045096552409 20.8491211239535 21.5937325926661 22.3383440613787 23.0829555300914 23.827566998804 24.5721784675166 25.3167899362292 26.0614014049419 26.8060128736545 27.5506243423671 28.2952358110797 29.0398472797924 29.784458748505 30.5290702172176 31.2736816859302 32.0182931546429 32.7629046233555 33.5075160920681 34.2521275607807 34.9967390294934 35.741350498206 36.4859619669186 37.2305734356312 37.9751849043439 38.7197963730565 39.4644078417691 40.2090193104817 40.9536307791944 41.698242247907 42.4428537166196 43.1874651853322 43.9320766540449 44.6766881227575 45.4212995914701 46.1659110601827 46.9105225288954 47.655133997608 48.3997454663206 49.1443569350332 49.8889684037459 50.6335798724585 51.3781913411711 52.1228028098837 52.8674142785964 53.612025747309 54.3566372160216 55.1012486847342 55.8458601534469 56.5904716221595 57.3350830908721 58.0796945595847 58.8243060282974 59.56891749701 60.3135289657226 61.0581404344352 61.8027519031479 62.5473633718605 63.2919748405731 64.0365863092857 64.7811977779984 65.525809246711 66.2704207154236 67.0150321841362 67.7596436528489 68.5042551215615 69.2488665902741 69.9934780589867 70.7380895276994 71.482700996412 72.2273124651246 72.9719239338372 73.7165354025499 74.4611468712625]
      displacement: [0 0.0372305734356312 0.148922293742525 0.335075160920681 0.5956891749701 0.930764335890781 1.34030064368273 1.82429809834593 2.3827566998804 3.01567644828613 3.72305734356312 4.50489938571138 5.3612025747309 6.29196691062168 7.29719239338373 8.37687902301703 9.5310267995216 10.7596357228974 12.0627057931445 13.4402370102629 14.8922293742525 16.4186828851134 18.0195975428455 19.6949733474489 21.4448102989236 23.2691083972695 25.1678676424867 27.1410880345752 29.1887695735349 31.3109122593659 33.5075160920681 35.7785810716416 38.1241071980864 40.5440944714024 43.0385428915897 45.6074524586483 48.2508231725781 50.9686550333792 53.7609480410515 56.6277021955951 59.56891749701 62.5845939452961 65.6747315404535 68.8393302824822 72.0783901713821 75.3919112071533 78.7798933897957 82.2423367193094 85.7792411956944 89.3906068189506 93.0764335890781 96.8367215060769 100.671470569947 104.580680780688 108.564352138301 112.622484642785 116.75507829414 120.962133092366 125.243649037464 129.599626129432 134.030064368272 138.534963753984 143.114324286566 147.76814596602 152.496428792346 157.299172765542 162.17637788561 167.128044152549 172.154171566359 177.25476012704 182.429809834593 187.679320689017 193.003292690312 198.401725838479 203.874620133517 209.421975575426 215.043792164206 220.740069899858 226.51080878238 232.356008811775 238.27566998804 244.269792311177 250.338375781184 256.481420398064 262.698926161814 268.990893072436 275.357321129929 281.798210334293 288.313560685528 294.903372183635 301.567644828613 308.306378620462 315.119573559183 322.007229644775 328.969346877238 336.005925256572 343.116964782778 350.302465455854 357.562427275803 364.896850242622 372.305734356312]